00000000000000110000001100010011
11111111111100101000001110010011
00000100011100110000010001100011
01000000011000111000010000110011
00000000000000000000010010010011
00000010100001001000101001100011
00000000001001001001010100010011
00000000010001010000010100110011
00000000000001010010010110000011
00000000010001010000011000010011
00000000000001100010011010000011
00000000101101101100011001100011
00000000000101001000010010010011
11111110000111111111000001101111
00000000101101100010000000100011
00000000110101010010000000100011
00000000000101001000010010010011
11111101000111111111000001101111
00000000000100110000001100010011
11111011110111111111000001101111

