00000000000100000000001000010011
00000000000000101000010000110111
00000000110000000000000011101111
00000000001100000000001110110011
00000111100000000000000001101111
11111111100000010000000100010011
00000000000000000000001010010011
11111111111100011000010100010011
00000000000100010010000000100011
00000000001100010010001000100011
00000000010000011001101001100011
00000000000000010010000010000011
00000000010000010010000110000011
00000000100000010000000100010011
00000000000000001000000001100111
00000010101000101000101001100011
00000000001000101001001100010011
00000001011000110000001100110011
00000000010000110000001110010011
00000000000000110010010000000011
00000000000000111010010010000011
00000000100001001100011001100011
00000000000100101000001010010011
11111110000111111111000001101111
00000000100000111010000000100011
00000000100100110010000000100011
00000000000100101000001010010011
11111101000111111111000001101111
11111111111100011000000110010011
11111010000111111111000011101111
00000000000000010010000010000011
00000000010000010010000110000011
00000000100000010000000100010011
00000000000000001000000001100111

