00000000000100000000001010010011
00000000100000000000000011101111
00000011110000000000000001101111
00000000101000101101010001100011
00000000100000000000000001101111
00000000000000001000000001100111
11111111110000010000000100010011
00000000101000010010000000100011
11111111110000010000000100010011
00000000000100010010000000100011
11111111111101010000010100010011
11111110000111111111000011101111
00000000000000010010000010000011
00000000010000010000000100010011
00000000000000010010010110000011
00000000010000010000000100010011
00000000000000001000000001100111

