00000000000000001000000010010011
00000000010000001000110001100011
00000000001000001001000100010011
00000000001100010000000100110011
00000000000100010010000000100011
00000000000100001000000010010011
11111110110111111111000001101111
00000000000000110000001100010011
00000000000000000000000010010011
00000000010000001000111001100011
00000000001000001001000100010011
00000000001100010000000100110011
00000000000000010010001110000011
00000000011100110000001100110011
00000000000100001000000010010011
11111110100111111111000001101111
00000000001000001001000100010011
00000000001100010000000100110011
00000000011000010010000000100011

